 0.1350
ES
 0.1350
 0.1351
 0.1351
 0.1351
 0.1351
 0.1351
 0.1351
 0.1351
 0.1351
 0.1351
 0.1351
 0.1351
 0.1352
 0.1352
 0.1353
 0.1354
 0.1355
 0.1355
 0.1356
 0.1357
 0.1357
 0.1358
 0.1359
 0.1359
 0.1360
 0.1360
 0.1360
 0.1361
 0.1362
 0.1362
 0.1362
 0.1363
 0.1364
 0.1365
 0.1366
 0.1366
 0.1367
 0.1368
 0.1368
 0.1369
 0.1370
 0.1371
 0.1371
 0.1372
 0.1376
 0.1376
 0.1377
 0.1378
 0.1379
 0.1379
 0.1380
 0.1381
 0.1382
 0.1382
 0.1383
 0.1383
 0.1384
 0.1385
 0.1385
 0.1386
 0.1387
 0.1387
 0.1388
 0.1389
 0.1389
 0.1390
 0.1390
 0.1391
 0.1392
 0.1393
 0.1393
 0.1394
 0.1394
 0.1395
 0.1395
 0.1396
 0.1397
 0.1397
 0.1397
 0.1398
 0.1398
 0.1399
 0.1400
 0.1401
 0.1401
 0.1402
 0.1403
 0.1403
 0.1404
 0.1405
 0.1405
 0.1406
 0.1407
 0.1408
 0.1409
 0.1412
 0.1412
 0.1413
 0.1414
 0.1414
 0.1414
 0.1415
 0.1415
 0.1416
 0.1416
 0.1417
 0.1418
 0.1418
 0.1418
 0.1419
 0.1419
 0.1420
 0.1420
 0.1421
 0.1422
 0.1423
 0.1423
 0.1424
 0.1424
 0.1425
 0.1425
 0.1426
 0.1427
 0.1427
 0.1428
 0.1428
 0.1429
 0.1430
 0.1430
 0.1431
 0.1432
 0.1432
 0.1433
 0.1434
 0.1435
 0.1435
 0.1436
 0.1437
 0.1437
 0.1438
 0.1439
 0.1440
 0.1440
 0.1441
 0.1441
 0.1442
 0.1442
 0.1443
 0.1444
 0.1444
 0.1445
 0.1445
 0.1446
 0.1446
 0.1446
 0.1447
 0.1447
 0.1448
 0.1449
 0.1449
 0.1450
 0.1450
 0.1450
 0.1450
 0.1450
 0.1451
 0.1451
 0.1451
 0.1451
 0.1451
 0.1451
 0.1451
 0.1452
 0.1452
 0.1452
 0.1453
 0.1454
 0.1454
 0.1454
 0.1455
 0.1455
 0.1455
 0.1455
 0.1455
 0.1455
 0.1455
 0.1456
 0.1456
 0.1456
 0.1456
 0.1456
 0.1456
 0.1457
 0.1457
 0.1458
 0.1458
 0.1458
 0.1458
 0.1458
 0.1458
 0.1458
 0.1457
 0.1457
 0.1457
 0.1456
 0.1456
 0.1456
 0.1456
 0.1456
 0.1455
 0.1455
 0.1454
 0.1453
 0.1452
 0.1451
 0.1450
 0.1445
 0.1443
 0.1442
 0.1440
 0.1434
 0.1431
 0.1428
 0.1424
 0.1421
 0.1419
 0.1417
 0.0623
 0.0620
 0.0609
 0.0595
 0.0542
 0.0534
 0.0525
 0.0519
 0.0511
 0.0505
 0.0352
 0.0311
 -0.0007
 -0.0012
 -0.0012
 -0.0013
 -0.0013
 -0.0013
 -0.0012
 -0.0012
 -0.0012
 0.1334
 0.1337
 0.1338
 0.1338
 0.1338
 0.1337
 0.1337
 0.1337
 0.1337
 0.1338
 0.1338
 0.1339
 0.1339
 0.1340
 0.1340
 0.1340
 0.1341
 0.1341
 0.1341
 0.1341
 0.1341
 0.1342
 0.1342
 0.1343
 0.1343
 0.1344
 0.1344
 0.1344
 0.1345
 0.1345
 0.1345
 0.1345
 0.1345
 0.1345
 0.1345
 0.1345
 0.1346
 0.1346
 0.1347
 0.1347
 0.1348
 0.1349
 0.1349
 0.1350
 0.1351
 0.1351
 0.1352
 0.1353
 0.1353
 0.1354
 0.1355
 0.1356
 0.1356
 0.1357
 0.1357
 0.1358
 0.1359
 0.1360
 0.1361
 0.1361
 0.1362
 0.1363
 0.1366
 0.1367
 0.1368
 0.1369
 0.1370
 0.1370
 0.1371
 0.1371
 0.1372
 0.1372
 0.1373
 0.1374
 0.1374
 0.1375
 0.1376
 0.1377
 0.1378
 0.1379
 0.1380
 0.1380
 0.1380
 0.1381
 0.1381
 0.1382
 0.1383
 0.1384
 0.1385
 0.1386
 0.1387
 0.1388
 0.1389
 0.1390
 0.1390
 0.1391
 0.1394
 0.1396
 0.1396
 0.1397
 0.1398
 0.1399
 0.1399
 0.1400
 0.1401
 0.1402
 0.1402
 0.1402
 0.1403
 0.1403
 0.1403
 0.1404
 0.1404
 0.1405
 0.1405
 0.1406
 0.1406
 0.1406
 0.1406
 0.1406
 0.1407
 0.1407
 0.1408
 0.1409
 0.1409
 0.1409
 0.1410
 0.1411
 0.1411
 0.1411
 0.1412
 0.1412
 0.1412
 0.1412
 0.1412
 0.1413
 0.1414
 0.1415
 0.1415
 0.1416
 0.1416
 0.1417
 0.1417
 0.1418
 0.1418
 0.1419
 0.1419
 0.1419
 0.1419
 0.1419
 0.1420
 0.1420
 0.1420
 0.1420
 0.1420
 0.1420
 0.1420
 0.1421
 0.1421
 0.1422
 0.1422
 0.1423
 0.1423
 0.1424
 0.1424
 0.1424
 0.1424
 0.1424
 0.1424
 0.1424
 0.1424
 0.1424
 0.1424
 0.1424
 0.1424
 0.1424
 0.1424
 0.1423
 0.1423
 0.1422
 0.1421
 0.1421
 0.1419
 0.1419
 0.1417
 0.1413
 0.1411
 0.1410
 0.1408
 0.1399
 0.1397
 0.1394
 0.1391
 0.1377
 0.0619
 0.0613
 0.0605
 0.0592
 0.0532
 0.0522
 0.0513
 0.0506
 0.0500
 0.0494
 0.0336
 0.0299
 -0.0007
 -0.0007
 -0.0008
 -0.0011
 -0.0012
 -0.0012
 -0.0012
 -0.0012
 -0.0012
 0.0233
 0.1308
 0.1315
 0.1315
 0.1316
 0.1317
 0.1317
 0.1317
 0.1317
 0.1317
 0.1318
 0.1319
 0.1347
 0.1373
 0.1388
 0.1399
 0.1408
 0.0603
 0.0000
 -0.0005
 -0.0005
 -0.0006
 -0.0006
 -0.0006
 -0.0006
 -0.0006
 -0.0006
 -0.0007
 -0.0007
 -0.0007
 -0.0007
 -0.0007
 -0.0007
 -0.0007
 -0.0007
 -0.0008
 0.1186
 0.1310
 0.1312
 0.1312
 0.1312
 0.1311
 0.1311
 0.1312
 0.1312
 0.1311
 0.1311
 0.1310
 0.1309
 0.1308
 0.1307
 0.1306
 0.1305
 0.1304
 0.1303
 0.1301
 0.1300
 0.1298
 0.1297
 0.1293
 0.1293
 0.1294
 0.1294
 0.1294
 0.1294
 0.1293
 0.1293
 0.1294
 0.1296
 0.1297
 0.1299
 0.1301
 0.1310
 0.1314
 0.1317
 0.1330
 0.1333
 0.1335
 0.1338
 0.1340
 0.1342
 0.1345
 0.1347
 0.1349
 0.1350
 0.1352
 0.1353
 0.1356
 0.1357
 0.1360
 0.1361
 0.1370
 0.1372
 0.1375
 0.1377
 0.1379
 0.1379
 0.1380
 0.1380
 0.1381
 0.1381
 0.1381
 0.1382
 0.1382
 0.1383
 0.1383
 0.1382
 0.1382
 0.1382
 0.1382
 0.1382
 0.1383
 0.1383
 0.1384
 0.1384
 0.1385
 0.1386
 0.1387
 0.1387
 0.1388
 0.1388
 0.1388
 0.1389
 0.1389
 0.1389
 0.1390
 0.1390
 0.1390
 0.1390
 0.1390
 0.1391
 0.1391
 0.1391
 0.1391
 0.1391
 0.1391
 0.1392
 0.1392
 0.1392
 0.1393
 0.1394
 0.1394
 0.1394
 0.1394
 0.1394
 0.1394
 0.1394
 0.1394
 0.1394
 0.1395
 0.1395
 0.1395
 0.1395
 0.1396
 0.1396
 0.1397
 0.1397
 0.1397
 0.1397
 0.1397
 0.1397
 0.1397
 0.1397
 0.1397
 0.1396
 0.1395
 0.1395
 0.1394
 0.1394
 0.1394
 0.1393
 0.1393
 0.1392
 0.1391
 0.1390
 0.1389
 0.1384
 0.1383
 0.1381
 0.1374
 0.1373
 0.1371
 0.1369
 0.1366
 0.1364
 0.1360
 0.0608
 0.0602
 0.0597
 0.0589
 0.0538
 0.0521
 0.0513
 0.0506
 0.0501
 0.0494
 0.0488
 0.0462
 0.0330
 0.0297
 -0.0010
 -0.0013
 -0.0012
 -0.0011
 -0.0011
 -0.0012
 -0.0012
 -0.0012
 -0.0012
 -0.0012
 -0.0012
 -0.0013
 -0.0013
 -0.0013
 -0.0013
 -0.0013
 -0.0013
 -0.0013
 -0.0013
 -0.0013
 -0.0013
 -0.0013
 -0.0014
 -0.0014
 -0.0014
 -0.0014
 -0.0014
 -0.0014
 -0.0014
 -0.0014
 -0.0015
 -0.0015
 -0.0015
 -0.0015
 -0.0014
 -0.0014
 -0.0014
 -0.0014
 -0.0014
 -0.0014
 -0.0014
 -0.0014
 -0.0014
 -0.0014
 -0.0014
 -0.0014
 -0.0014
 -0.0015
 -0.0015
 -0.0016
 -0.0016
 -0.0017
 -0.0017
 -0.0017
 -0.0017
 -0.0018
 -0.0018
 -0.0018
 -0.0018
 -0.0018
 -0.0018
 -0.0018
 -0.0018
 0.1269
 0.1279
 0.1280
 0.1279
 0.1277
 0.1277
 0.1277
 0.1277
 0.1277
 0.1277
 0.1277
 0.1278
 0.1278
 0.1278
 0.1278
 0.1278
 0.1278
 0.1278
 0.1278
 0.1278
 0.1279
 0.1279
 0.1280
 0.1281
 0.1282
 0.1282
 0.1283
 0.1283
 0.1284
 0.1285
 0.1286
 0.1286
 0.1287
 0.1287
 0.1288
 0.1288
 0.1289
 0.1290
 0.1291
 0.1291
 0.1292
 0.1294
 0.1298
 0.1299
 0.1300
 0.1300
 0.1301
 0.1302
 0.1303
 0.1304
 0.1305
 0.1305
 0.1306
 0.1307
 0.1308
 0.1309
 0.1310
 0.1311
 0.1313
 0.1314
 0.1316
 0.1317
 0.1318
 0.1318
 0.1319
 0.1320
 0.1321
 0.1322
 0.1323
 0.1324
 0.1325
 0.1328
 0.1329
 0.1330
 0.1332
 0.1333
 0.1334
 0.1335
 0.1336
 0.1337
 0.1338
 0.1338
 0.1339
 0.1339
 0.1340
 0.1341
 0.1342
 0.1342
 0.1343
 0.1344
 0.1345
 0.1346
 0.1347
 0.1347
 0.1348
 0.1348
 0.1348
 0.1349
 0.1350
 0.1350
 0.1351
 0.1351
 0.1352
 0.1352
 0.1353
 0.1353
 0.1354
 0.1355
 0.1355
 0.1356
 0.1356
 0.1357
 0.1357
 0.1358
 0.1358
 0.1358
 0.1359
 0.1359
 0.1360
 0.1360
 0.1361
 0.1361
 0.1362
 0.1363
 0.1364
 0.1364
 0.1365
 0.1365
 0.1365
 0.1366
 0.1366
 0.1366
 0.1366
 0.1366
 0.1366
 0.1366
 0.1366
 0.1365
 0.1364
 0.1363
 0.1361
 0.1356
 0.1354
 0.1347
 0.1343
 0.1339
 0.1327
 0.0604
 0.0584
 0.0574
 0.0528
 0.0501
 0.0493
 0.0485
 0.0477
 0.0337
 0.0284
 -0.0010
 -0.0011
 -0.0013
 -0.0014
 -0.0014
 -0.0014
 -0.0014
 -0.0014
