 0.1355
 0.1355
 0.1354
 0.1353
 0.1353
 0.1352
 0.1352
 0.1351
 0.1351
 0.1351
 0.1351
 0.1351
 0.1352
 0.1352
 0.1352
 0.1353
 0.1353
 0.1354
 0.1355
 0.1355
 0.1356
 0.1356
 0.1356
 0.1356
 0.1357
 0.1357
 0.1358
 0.1358
 0.1358
 0.1358
 0.1358
 0.1358
 0.1358
 0.1358
 0.1359
 0.1359
 0.1360
 0.1360
 0.1361
 0.1362
 0.1363
 0.1364
 0.1364
 0.1365
 0.1366
 0.1367
 0.1372
 0.1373
 0.1374
 0.1374
 0.1375
 0.1376
 0.1377
 0.1378
 0.1378
 0.1379
 0.1379
 0.1380
 0.1380
 0.1381
 0.1381
 0.1382
 0.1383
 0.1384
 0.1385
 0.1386
 0.1387
 0.1387
 0.1389
 0.1390
 0.1391
 0.1392
 0.1393
 0.1397
 0.1398
 0.1399
 0.1401
 0.1402
 0.1403
 0.1403
 0.1404
 0.1404
 0.1405
 0.1406
 0.1407
 0.1408
 0.1409
 0.1409
 0.1410
 0.1410
 0.1411
 0.1412
 0.1413
 0.1414
 0.1415
 0.1415
 0.1416
 0.1417
 0.1417
 0.1418
 0.1418
 0.1419
 0.1419
 0.1419
 0.1420
 0.1420
 0.1421
 0.1422
 0.1423
 0.1423
 0.1424
 0.1425
 0.1425
 0.1425
 0.1426
 0.1427
 0.1427
 0.1428
 0.1428
 0.1429
 0.1429
 0.1429
 0.1429
 0.1429
 0.1430
 0.1430
 0.1430
 0.1431
 0.1431
 0.1432
 0.1432
 0.1433
 0.1433
 0.1433
 0.1433
 0.1433
 0.1433
 0.1433
 0.1433
 0.1433
 0.1433
 0.1433
 0.1433
 0.1433
 0.1433
 0.1433
 0.1432
 0.1432
 0.1430
 0.1430
 0.1429
 0.1428
 0.1422
 0.1420
 0.1412
 0.1411
 0.1407
 0.1403
 0.1390
 0.0599
 0.0579
 0.0565
 0.0527
 0.0519
 0.0499
 0.0489
 0.0471
 0.0272
 -0.0014
 -0.0014
 -0.0013
 -0.0013
 -0.0013
 -0.0013
 -0.0014
 -0.0015
 -0.0015
 -0.0015
 -0.0015
 -0.0014
 -0.0014
 -0.0014
 -0.0014
 -0.0014
 -0.0014
 -0.0014
 -0.0014
 -0.0015
 -0.0015
 -0.0015
 -0.0015
 -0.0014
 0.1322
 0.1326
 0.1325
 0.1324
 0.1324
 0.1324
 0.1324
 0.1324
 0.1323
 0.1323
 0.1322
 0.1322
 0.1322
 0.1322
 0.1323
 0.1323
 0.1323
 0.1323
 0.1323
 0.1323
 0.1323
 0.1323
 0.1324
 0.1325
 0.1326
 0.1326
 0.1327
 0.1327
 0.1328
 0.1328
 0.1328
 0.1328
 0.1329
 0.1329
 0.1330
 0.1330
 0.1330
 0.1331
 0.1331
 0.1331
 0.1332
 0.1332
 0.1333
 0.1333
 0.1333
 0.1333
 0.1333
 0.1334
 0.1334
 0.1334
 0.1335
 0.1335
 0.1336
 0.1336
 0.1336
 0.1337
 0.1337
 0.1338
 0.1338
 0.1339
 0.1340
 0.1341
 0.1341
 0.1342
 0.1343
 0.1344
 0.1345
 0.1346
 0.1346
 0.1347
 0.1347
 0.1347
 0.1348
 0.1348
 0.1349
 0.1350
 0.1350
 0.1351
 0.1352
 0.1352
 0.1353
 0.1354
 0.1355
 0.1355
 0.1356
 0.1356
 0.1357
 0.1358
 0.1359
 0.1359
 0.1360
 0.1360
 0.1361
 0.1361
 0.1362
 0.1363
 0.1364
 0.1365
 0.1366
 0.1369
 0.1370
 0.1370
 0.1370
 0.1371
 0.1372
 0.1372
 0.1373
 0.1373
 0.1374
 0.1374
 0.1374
 0.1375
 0.1376
 0.1377
 0.1378
 0.1379
 0.1380
 0.1380
 0.1380
 0.1381
 0.1381
 0.1381
 0.1381
 0.1382
 0.1382
 0.1383
 0.1383
 0.1383
 0.1383
 0.1384
 0.1384
 0.1384
 0.1385
 0.1385
 0.1385
 0.1385
 0.1385
 0.1386
 0.1386
 0.1387
 0.1387
 0.1388
 0.1388
 0.1389
 0.1389
 0.1390
 0.1390
 0.1391
 0.1391
 0.1391
 0.1392
 0.1392
 0.1392
 0.1393
 0.1394
 0.1395
 0.1395
 0.1395
 0.1396
 0.1396
 0.1396
 0.1397
 0.1397
 0.1398
 0.1398
 0.1398
 0.1398
 0.1399
 0.1399
 0.1399
 0.1400
 0.1400
 0.1400
 0.1400
 0.1400
 0.1400
 0.1401
 0.1401
 0.1401
 0.1401
 0.1401
 0.1401
 0.1402
 0.1402
 0.1402
 0.1402
 0.1402
 0.1402
 0.1402
 0.1402
 0.1402
 0.1402
 0.1402
 0.1401
 0.1401
 0.1400
 0.1400
 0.1400
 0.1399
 0.1398
 0.1397
 0.1396
 0.1395
 0.1395
 0.1394
 0.1393
 0.1393
 0.1392
 0.1387
 0.1386
 0.1383
 0.1382
 0.1376
 0.1375
 0.1372
 0.1369
 0.1365
 0.0600
 0.0588
 0.0583
 0.0566
 0.0518
 0.0509
 0.0504
 0.0498
 0.0493
 0.0487
 0.0457
 0.0319
 0.0293
 -0.0011
 -0.0013
 -0.0013
 -0.0013
 -0.0014
 -0.0014
 -0.0014
 -0.0014
 -0.0013
 -0.0013
 -0.0014
 -0.0014
 -0.0014
 -0.0015
 -0.0015
 -0.0015
 -0.0014
 -0.0014
 -0.0014
 -0.0015
 -0.0015
 -0.0015
 -0.0015
 -0.0015
 -0.0016
 -0.0016
 -0.0016
 -0.0016
 -0.0016
 -0.0016
 -0.0016
 -0.0016
 -0.0016
 -0.0017
 -0.0017
 -0.0017
 -0.0018
 0.1241
 0.1286
 0.1288
 0.1288
 0.1287
 0.1287
 0.1288
 0.1288
 0.1288
 0.1289
 0.1289
 0.1289
 0.1290
 0.1291
 0.1292
 0.1292
 0.1293
 0.1293
 0.1294
 0.1294
 0.1295
 0.1295
 0.1296
 0.1296
 0.1297
 0.1298
 0.1299
 0.1299
 0.1299
 0.1299
 0.1299
 0.1299
 0.1299
 0.1299
 0.1300
 0.1301
 0.1303
 0.1307
 0.1307
 0.1308
 0.1309
 0.1310
 0.1311
 0.1313
 0.1314
 0.1314
 0.1316
 0.1317
 0.1318
 0.1319
 0.1320
 0.1321
 0.1322
 0.1322
 0.1323
 0.1324
 0.1325
 0.1326
 0.1327
 0.1328
 0.1329
 0.1329
 0.1331
 0.1332
 0.1332
 0.1333
 0.1334
 0.1335
 0.1339
 0.1340
 0.1341
 0.1342
 0.1343
 0.1344
 0.1345
 0.1346
 0.1347
 0.1348
 0.1349
 0.1349
 0.1350
 0.1350
 0.1351
 0.1351
 0.1352
 0.1353
 0.1353
 0.1354
 0.1354
 0.1355
 0.1355
 0.1355
 0.1355
 0.1356
 0.1356
 0.1357
 0.1357
 0.1358
 0.1359
 0.1360
 0.1360
 0.1361
 0.1362
 0.1363
 0.1364
 0.1364
 0.1365
 0.1365
 0.1366
 0.1366
 0.1367
 0.1367
 0.1367
 0.1368
 0.1368
 0.1369
 0.1369
 0.1370
 0.1370
 0.1370
 0.1371
 0.1371
 0.1372
 0.1372
 0.1373
 0.1373
 0.1374
 0.1374
 0.1374
 0.1375
 0.1375
 0.1375
 0.1376
 0.1376
 0.1376
 0.1376
 0.1376
 0.1376
 0.1376
 0.1376
 0.1375
 0.1374
 0.1372
 0.1366
 0.1365
 0.1360
 0.1358
 0.1355
 0.1351
 0.1347
 0.1334
 0.0584
 0.0574
 0.0560
 0.0512
 0.0498
 0.0488
 0.0481
 0.0470
 0.0307
 -0.0013
 -0.0012
 -0.0014
 -0.0015
 -0.0015
 -0.0014
 -0.0014
 -0.0015
 -0.0015
 -0.0015
 -0.0015
 -0.0015
 -0.0015
 -0.0015
 -0.0015
 -0.0015
 -0.0015
 -0.0015
 -0.0015
 -0.0015
 -0.0015
 -0.0016
 -0.0016
 -0.0016
 -0.0016
 -0.0016
 -0.0016
 -0.0016
 -0.0016
 -0.0017
 -0.0017
 -0.0017
 -0.0017
 -0.0017
 -0.0017
 -0.0018
 -0.0018
 -0.0018
 -0.0018
 -0.0018
 -0.0018
 -0.0019
 -0.0019
 -0.0019
 -0.0020
 -0.0020
 -0.0020
 -0.0020
 -0.0020
 -0.0020
 -0.0021
 -0.0021
 -0.0022
 -0.0022
 -0.0022
 -0.0022
 -0.0022
 -0.0021
 -0.0021
 -0.0021
 -0.0021
 -0.0021
 -0.0021
 -0.0021
 -0.0021
 -0.0021
 -0.0021
 -0.0021
 -0.0021
 -0.0021
 -0.0021
 -0.0021
 -0.0021
 -0.0022
 -0.0022
 -0.0022
 -0.0023
 -0.0023
 -0.0023
 -0.0023
 -0.0023
 -0.0023
 -0.0023
 -0.0023
 -0.0023
 -0.0023
 -0.0024
 -0.0024
 -0.0024
 -0.0024
 -0.0024
 -0.0024
 -0.0024
 -0.0024
 -0.0024
 -0.0025
 -0.0025
 -0.0025
 -0.0025
 -0.0026
 -0.0026
 -0.0026
 -0.0026
 -0.0026
 -0.0026
 0.1100
 0.1207
 0.1137
 0.1089
 0.1016
 0.0988
 0.0956
 0.0893
 0.0826
 0.0804
 0.0809
 0.0878
 0.0949
 0.0978
 0.1005
 0.1076
 0.1145
 0.1184
 0.1254
 0.1308
 0.1363
 0.0000
 0.0000
 0.0000
 0.0000
 0.0000
 0.0501
 0.1263
 0.1264
 0.1263
 0.1263
 0.1263
 0.1262
 0.1262
 0.1262
 0.1262
 0.1262
 0.1262
 0.1262
 0.1262
 0.1262
 0.1263
 0.1263
 0.1264
 0.1264
 0.1265
 0.1265
 0.1266
 0.1266
 0.1266
 0.1266
 0.1266
 0.1267
 0.1267
 0.1268
 0.1268
 0.1268
 0.1269
 0.1269
 0.1269
 0.1270
 0.1270
 0.1271
 0.1272
 0.1272
 0.1273
 0.1273
 0.1273
 0.1273
 0.1274
 0.1274
 0.1275
 0.1275
 0.1276
 0.1276
 0.1276
 0.1277
 0.1277
 0.1277
 0.1278
 0.1279
 0.1280
 0.1281
 0.1282
 0.1287
 0.1287
 0.1288
 0.1288
 0.1289
 0.1291
 0.1292
 0.1293
 0.1294
 0.1294
 0.1294
 0.1295
 0.1296
 0.1296
 0.1297
 0.1297
 0.1298
 0.1299
 0.1299
 0.1300
 0.1301
 0.1301
 0.1302
 0.1303
 0.1304
 0.1304
 0.1305
 0.1306
 0.1306
 0.1307
 0.1307
 0.1308
 0.1309
 0.1310
 0.1311
 0.1312
 0.1312
 0.1313
 0.1314
 0.1315
 0.1315
 0.1319
 0.1320
 0.1320
 0.1320
 0.1319
 0.1319
 0.1319
 0.1319
 0.1319
 0.1320
 0.1321
 0.1322
 0.1322
 0.1323
 0.1323
 0.1324
 0.1324
 0.1325
 0.1325
 0.1326
 0.1326
 0.1327
 0.1327
 0.1328
 0.1328
 0.1329
 0.1329
 0.1330
 0.1330
 0.1330
 0.1330
 0.1331
 0.1331
 0.1332
 0.1333
 0.1333
 0.1334
 0.1334
 0.1335
 0.1335
 0.1336
 0.1336
 0.1337
 0.1337
 0.1338
 0.1338
 0.1339
 0.1339
 0.1340
 0.1340
 0.1341
 0.1341
 0.1342
 0.1342
 0.1342
 0.1342
 0.1343
 0.1343
 0.1343
 0.1343
 0.1344
 0.1345
 0.1345
 0.1346
 0.1346
 0.1346
 0.1346
 0.1346
 0.1346
 0.1345
 0.1345
 0.1345
 0.1345
 0.1345
 0.1345
 0.1345
 0.1346
 0.1346
 0.1346
 0.1345
 0.1345
 0.1344
 0.1343
 0.1342
 0.1341
 0.1340
 0.1334
 0.1331
 0.1324
 0.1321
 0.1318
 0.1314
 0.1304
 0.0612
 0.0574
 0.0569
 0.0563
 0.0552
 0.0500
 0.0491
 0.0486
 0.0480
 0.0474
 0.0467
 0.0461
 0.0307
 0.0170
 -0.0011
 -0.0013
 -0.0014
 -0.0014
 -0.0013
 -0.0013
 -0.0014
 -0.0014
 -0.0014
 -0.0014
 -0.0014
 -0.0014
 -0.0014
 -0.0014
 -0.0015
 -0.0015
 -0.0015
 -0.0015
 -0.0015
 -0.0015
 -0.0016
 -0.0016
 -0.0020
 -0.0020
 -0.0020
 -0.0020
 -0.0020
 -0.0020
 -0.0020
 -0.0020
 -0.0020
 -0.0020
 0.1225
 0.1229
 0.1230
 0.1230
 0.1231
 0.1230
 0.1230
 0.1230
 0.1231
 0.1231
 0.1232
 0.1233
 0.1234
 0.1235
 0.1236
 0.1237
 0.1238
 0.1238
 0.1239
 0.1239
 0.1240
 0.1240
 0.1241
 0.1242
 0.1242
 0.1243
 0.1243
 0.1244
 0.1244
 0.1245
 0.1246
 0.1247
 0.1248
 0.1249
 0.1250
 0.1254
 0.1256
 0.1257
 0.1258
 0.1259
 0.1261
 0.1262
 0.1264
 0.1265
 0.1266
 0.1267
 0.1269
 0.1275
 0.1276
 0.1277
 0.1278
 0.1280
 0.1281
 0.1282
 0.1283
 0.1283
 0.1284
 0.1285
 0.1286
 0.1287
 0.1288
 0.1289
 0.1290
 0.1291
 0.1292
 0.1293
 0.1294
 0.1295
 0.1296
 0.1297
 0.1298
 0.1299
 0.1300
 0.1300
 0.1301
 0.1301
 0.1302
 0.1302
 0.1303
 0.1304
 0.1305
 0.1306
 0.1307
 0.1311
 0.1312
 0.1312
 0.1313
 0.1313
 0.1313
 0.1315
 0.1316
 0.1317
 0.1318
 0.1318
 0.1318
 0.1319
 0.1319
 0.1320
 0.1320
 0.1321
 0.1322
 0.1323
 0.1323
 0.1324
 0.1324
 0.1325
 0.1325
 0.1326
 0.1326
 0.1326
 0.1326
 0.1326
 0.1326
 0.1325
 0.1325
 0.1324
 0.1322
 0.1316
 0.1310
 0.1306
 0.1303
 0.0595
 0.0569
 0.0560
 0.0546
 0.0480
 0.0472
 0.0465
 0.0457
 0.0284
 -0.0011
 -0.0014
 -0.0015
 -0.0016
 -0.0017
 -0.0017
 -0.0017
 -0.0017
 -0.0017
 -0.0017
 -0.0017
 -0.0017
 0.1228
 0.1227
 0.1226
 0.1225
 0.1225
 0.1225
 0.1224
 0.1224
 0.1224
 0.1224
 0.1224
 0.1224
 0.1223
 0.1222
 0.1222
 0.1222
 0.1222
 0.1222
 0.1223
 0.1224
 0.1225
 0.1226
 0.1227
 0.1228
 0.1228
 0.1229
 0.1229
 0.1229
 0.1229
 0.1229
 0.1229
 0.1229
 0.1230
 0.1230
 0.1231
 0.1232
 0.1233
 0.1234
 0.1235
 0.1239
 0.1241
 0.1243
 0.1244
 0.1245
 0.1247
 0.1248
 0.1250
 0.1251
 0.1252
 0.1253
 0.1254
 0.1254
 0.1255
 0.1256
 0.1257
 0.1258
 0.1260
 0.1262
 0.1263
 0.1264
 0.1265
 0.1265
 0.1266
 0.1267
 0.1272
 0.1274
 0.1278
 0.1278
 0.1276
 0.1276
 0.1277
 0.1278
 0.1280
 0.1281
 0.1281
 0.1282
 0.1282
 0.1283
 0.1284
 0.1284
 0.1286
 0.1287
 0.1289
 0.1290
 0.1291
 0.1291
 0.1292
 0.1293
 0.1294
 0.1294
 0.1295
 0.1296
 0.1297
 0.1297
 0.1298
 0.1298
 0.1299
 0.1299
 0.1300
 0.1300
 0.1302
 0.1303
 0.1307
 0.1308
 0.1309
 0.1309
 0.1310
 0.1310
 0.1311
 0.1312
 0.1312
 0.1313
 0.1313
 0.1313
 0.1314
 0.1314
 0.1314
 0.1314
 0.1314
 0.1314
 0.1314
 0.1314
 0.1313
 0.1312
 0.1311
 0.1310
 0.1308
 0.1302
 0.1295
 0.1293
 0.1289
 0.0580
 0.0561
 0.0553
 0.0503
 0.0482
 0.0470
 0.0462
 0.0324
 0.0236
 -0.0007
 -0.0009
 -0.0009
 -0.0009
 -0.0009
 -0.0010
 -0.0011
 -0.0012
 -0.0012
 -0.0012
 -0.0012
 -0.0012
 -0.0012
 -0.0012
 -0.0012
 -0.0012
 -0.0012
 -0.0012
 -0.0013
 -0.0013
 0.1200
 0.1205
 0.1205
 0.1205
 0.1206
 0.1206
 0.1207
 0.1207
 0.1207
 0.1208
 0.1208
 0.1209
 0.1209
 0.1210
 0.1211
 0.1211
 0.1212
 0.1213
 0.1213
 0.1214
 0.1215
 0.1216
 0.1217
 0.1218
 0.1218
 0.1219
 0.1220
 0.1221
 0.1222
 0.1223
 0.1224
 0.1229
 0.1230
 0.1232
 0.1233
 0.1234
 0.1236
 0.1237
 0.1239
 0.1240
 0.1245
 0.1246
 0.1247
 0.1248
 0.1249
 0.1251
 0.1252
 0.1254
 0.1254
 0.1255
 0.1256
 0.1257
 0.1257
 0.1259
 0.1260
 0.1261
 0.1262
 0.1263
 0.1264
 0.1265
 0.1265
 0.1267
 0.1268
 0.1270
 0.1271
 0.1275
 0.1276
 0.1277
 0.1277
 0.1277
 0.1278
 0.1280
 0.1281
 0.1282
 0.1283
 0.1283
 0.1284
 0.1285
 0.1286
 0.1287
 0.1288
 0.1289
 0.1289
 0.1290
 0.1291
 0.1292
 0.1293
 0.1294
 0.1295
 0.1296
 0.1297
 0.1299
 0.1301
 0.1301
 0.1302
 0.1303
 0.1304
 0.1304
 0.1304
 0.1304
 0.1303
 0.1302
 0.1301
 0.1300
 0.1299
 0.1297
 0.1296
 0.1284
 0.1280
 0.0582
 0.0560
 0.0550
 0.0519
 0.0472
 0.0463
 0.0451
 0.0296
 -0.0010
 -0.0011
 -0.0012
 -0.0012
