 0.13548888
 0.7777
 0.2
 0.1353
 0.1354
 0.1354
 0.1354
 0.1353
 0.1354
 0.1354
 0.1354
 0.1354
 0.1354
 0.1355
 0.1356
 0.1357
 0.1357
 0.1358
 0.1359
 0.1360
 0.1360
 0.1361
 0.1361
 0.1361
 0.1361
 0.1361
 0.1362
 0.1362
 0.1362
 0.1363
 0.1363
 0.1363
 0.1363
 0.1364
 0.1364
 0.1365
 0.1366
 0.1367
 0.1367
 0.1368
 0.1369
 0.1370
 0.1371
 0.1375
 0.1376
 0.1377
 0.1378
 0.1378
 0.1379
 0.1380
 0.1381
 0.1382
 0.1382
 0.1382
 0.1382
 0.1383
 0.1383
 0.1384
 0.1385
 0.1385
 0.1386
 0.1387
 0.1387
 0.1388
 0.1389
 0.1390
 0.1391
 0.1392
 0.1393
 0.1393
 0.1394
 0.1395
 0.1396
 0.1397
 0.1398
 0.1399
 0.1399
 0.1400
 0.1400
 0.1401
 0.1402
 0.1402
 0.1406
 0.1407
 0.1408
 0.1408
 0.1408
 0.1408
 0.1409
 0.1410
 0.1411
 0.1412
 0.1413
 0.1414
 0.1415
 0.1415
 0.1416
 0.1416
 0.1416
 0.1416
 0.1417
 0.1418
 0.1419
 0.1419
 0.1420
 0.1421
 0.1422
 0.1423
 0.1424
 0.1425
 0.1426
 0.1426
 0.1427
 0.1427
 0.1428
 0.1429
 0.1429
 0.1430
 0.1430
 0.1430
 0.1430
 0.1431
 0.1431
 0.1432
 0.1432
 0.1433
 0.1434
 0.1434
 0.1435
 0.1436
 0.1436
 0.1437
 0.1438
 0.1438
 0.1438
 0.1438
 0.1439
 0.1439
 0.1439
 0.1439
 0.1439
 0.1439
 0.1439
 0.1438
 0.1438
 0.1437
 0.1437
 0.1437
 0.1437
 0.1436
 0.1435
 0.1435
 0.1434
 0.1432
 0.1427
 0.1425
 0.1417
 0.1415
 0.1412
 0.1409
 0.1405
 0.0699
 0.0613
 0.0609
 0.0592
 0.0531
 0.0520
 0.0513
 0.0504
 0.0497
 0.0339
 0.0115
 -0.0012
 -0.0013
 -0.0012
 -0.0012
 -0.0013
 -0.0013
 -0.0013
 -0.0013
 -0.0013
 -0.0013
 -0.0013
 -0.0013
 -0.0014
 -0.0014
 -0.0014
 -0.0014
 0.1316
 0.1333
 0.1333
 0.1333
 0.1334
 0.1335
 0.1335
 0.1336
 0.1337
 0.1337
 0.1337
 0.1337
 0.1337
 0.1337
 0.1338
 0.1338
 0.1339
 0.1339
 0.1340
 0.1340
 0.1341
 0.1341
 0.1342
 0.1342
 0.1343
 0.1343
 0.1343
 0.1344
 0.1344
 0.1344
 0.1345
 0.1345
 0.1345
 0.1346
 0.1346
 0.1347
 0.1347
 0.1347
 0.1348
 0.1348
 0.1348
 0.1349
 0.1349
 0.1350
 0.1351
 0.1351
 0.1352
 0.1353
 0.1354
 0.1354
 0.1355
 0.1355
 0.1355
 0.1356
 0.1357
 0.1359
 0.1360
 0.1363
 0.1364
 0.1364
 0.1364
 0.1364
 0.1364
 0.1365
 0.1366
 0.1367
 0.1368
 0.1369
 0.1369
 0.1370
 0.1371
 0.1371
 0.1372
 0.1372
 0.1373
 0.1374
 0.1374
 0.1375
 0.1375
 0.1376
 0.1377
 0.1377
 0.1377
 0.1378
 0.1378
 0.1379
 0.1379
 0.1380
 0.1380
 0.1381
 0.1382
 0.1383
 0.1384
 0.1384
 0.1385
 0.1385
 0.1386
 0.1387
 0.1388
 0.1388
 0.1389
 0.1390
 0.1391
 0.1392
 0.1395
 0.1396
 0.1396
 0.1397
 0.1398
 0.1399
 0.1399
 0.1400
 0.1400
 0.1400
 0.1400
 0.1401
 0.1401
 0.1401
 0.1401
 0.1401
 0.1402
 0.1403
 0.1403
 0.1404
 0.1404
 0.1404
 0.1405
 0.1405
 0.1406
 0.1406
 0.1407
 0.1408
 0.1408
 0.1409
 0.1410
 0.1410
 0.1410
 0.1411
 0.1411
 0.1411
 0.1411
 0.1412
 0.1413
 0.1413
 0.1414
 0.1414
 0.1414
 0.1415
 0.1415
 0.1416
 0.1416
 0.1417
 0.1417
 0.1418
 0.1418
 0.1418
 0.1418
 0.1418
 0.1418
 0.1418
 0.1419
 0.1419
 0.1418
 0.1418
 0.1418
 0.1418
 0.1418
 0.1418
 0.1417
 0.1417
 0.1416
 0.1416
 0.1415
 0.1414
 0.1412
 0.1407
 0.1405
 0.1404
 0.1397
 0.1395
 0.1393
 0.1391
 0.1387
 0.1384
 0.1367
 0.0614
 0.0607
 0.0605
 0.0596
 0.0538
 0.0525
 0.0515
 0.0509
 0.0503
 0.0498
 0.0491
 0.0354
 0.0302
 -0.0011
 -0.0013
 -0.0013
 -0.0013
 -0.0013
 -0.0013
 -0.0013
 -0.0013
 -0.0013
 -0.0013
 -0.0014
 -0.0014
 -0.0015
 0.1290
 0.1312
 0.1312
 0.1312
 0.1312
 0.1312
 0.1313
 0.1314
 0.1315
 0.1315
 0.1316
 0.1316
 0.1317
 0.1317
 0.1318
 0.1319
 0.1320
 0.1321
 0.1322
 0.1322
 0.1322
 0.1323
 0.1324
 0.1324
 0.1325
 0.1326
 0.1326
 0.1327
 0.1328
 0.1329
 0.1330
 0.1330
 0.1331
 0.1332
 0.1332
 0.1333
 0.1333
 0.1334
 0.1334
 0.1335
 0.1336
 0.1336
 0.1337
 0.1338
 0.1339
 0.1339
 0.1340
 0.1341
 0.1341
 0.1342
 0.1343
 0.1347
 0.1347
 0.1348
 0.1349
 0.1350
 0.1351
 0.1351
 0.1352
 0.1353
 0.1355
 0.1356
 0.1356
 0.1357
 0.1358
 0.1359
 0.1360
 0.1360
 0.1361
 0.1362
 0.1363
 0.1364
 0.1365
 0.1366
 0.1366
 0.1367
 0.1368
 0.1368
 0.1369
 0.1369
 0.1370
 0.1371
 0.1372
 0.1374
 0.1377
 0.1378
 0.1379
 0.1379
 0.1380
 0.1381
 0.1381
 0.1382
 0.1382
 0.1382
 0.1383
 0.1384
 0.1384
 0.1385
 0.1386
 0.1387
 0.1387
 0.1388
 0.1389
 0.1390
 0.1390
 0.1391
 0.1391
 0.1391
 0.1392
 0.1392
 0.1393
 0.1394
 0.1394
 0.1395
 0.1395
 0.1395
 0.1396
 0.1396
 0.1396
 0.1396
 0.1397
 0.1397
 0.1398
 0.1399
 0.1399
 0.1399
 0.1400
 0.1400
 0.1401
 0.1401
 0.1401
 0.1401
 0.1402
 0.1402
 0.1403
 0.1403
 0.1404
 0.1404
 0.1404
 0.1403
 0.1403
 0.1402
 0.1401
 0.1400
 0.1399
 0.1392
 0.1391
 0.1383
 0.1380
 0.1377
 0.1373
 0.0639
 0.0607
 0.0600
 0.0593
 0.0524
 0.0513
 0.0503
 0.0497
 0.0490
 0.0484
 0.0310
 -0.0005
 -0.0013
 -0.0015
 -0.0015
 -0.0016
 -0.0015
 -0.0015
 -0.0015
 -0.0015
 -0.0015
 -0.0014
 -0.0014
